time,x,y,z,phi,theta,psi,x_velocity,y_velocity,z_velocity,phi_velocity,theta_velocity,psi_velocity,rotor_speed1,rotor_speed2,rotor_speed3,rotor_speed4
0.06,1.5188996536889984e-08,1.1487858984634132e-07,10.002383043418137,0.00012949081181989897,6.282814356109844,0.0,1.4525941546986762e-05,1.0549531412457026e-05,0.07943188683311939,0.006158750619266374,-0.022929075728588495,0.0,430.9624959987896,429.02048723658544,430.39628295983874,430.91707918493023
0.12000000000000001,1.6031436900950855e-05,5.4800415488657934e-06,10.013937266227188,0.0003126607241581425,6.281577076449455,0.0,0.0006766058235091576,0.00020268440605342516,0.305674940626359,-0.004023474203475787,-0.01636524946723785,0.0,474.38978012226625,474.89347574766487,476.3271316783902,475.5479061568509
0.18,9.486835733811254e-05,2.335306238939037e-05,10.036101385279338,6.282912849295848,6.280801521038018,0.0,0.002043619905105355,0.0003530575878016422,0.4330885329484203,-0.02480934570807208,-0.006808523072455201,0.0,445.5159402362874,446.29662525358805,446.20500502330066,444.5052443468305
0.23999999999999996,0.00027017031322429256,3.271509723427404e-05,10.065835474450132,6.281160460699045,6.2803427871257185,0.0,0.0038454209996175944,-0.00021023323486277446,0.5579942404391952,-0.03989562415880502,-0.00937456162216843,0.0,444.4934317403842,444.2832390650356,446.12687279289844,444.8932537909966
0.3,0.0005778352907572444,-4.433783110099324e-05,10.10772892275158,6.278472328492619,6.279578338462368,0.0,0.006493652462378206,-0.0026816456234988444,0.8382897876027742,-0.05706977102298583,-0.020505700080280284,0.0,491.32543423927575,490.4997297130686,492.0222720473855,490.7483097739359
0.36000000000000004,0.001060527825854551,-0.0003347351513578676,10.164711341813367,6.275514621083538,6.278579455439216,0.0,0.009728210484893954,-0.0073767192280679034,1.0609414401980888,-0.03708033842697251,-0.009874916109758953,0.0,474.34919666398423,475.1648512753005,474.40118887982567,475.9319393251909
0.4200000000000001,0.001756438120787371,-0.0009696072813389418,10.234507894353301,6.27337305766898,6.277993679006364,0.0,0.013537034541715691,-0.014040314241042507,1.2654039394565084,-0.03305323762166626,-0.009539922629804147,0.0,470.11393502501164,470.1400174111216,469.7524250001452,470.0640738770981
0.48000000000000015,0.0026530126608012403,-0.00197361538244453,10.308682841181739,6.271794447580081,6.277205798420731,0.0,0.016401625500362938,-0.019565175477065027,1.2071563102013063,-0.015417670510974747,-0.021507393730559383,0.0,386.03175103707304,384.90099633907346,383.92770818961566,385.59684227320685
0.5400000000000001,0.0037563564641793917,-0.003372132024718248,10.38288190974826,6.270910377661487,6.277000452289471,0.0,0.020434698671644786,-0.027138055160363408,1.266080794653951,-0.013402066956075901,0.019044145008963436,0.0,423.9605778309881,427.43021069381535,424.5397201148148,424.71270629856497
0.6000000000000002,0.005109553445446086,-0.00526488386943366,10.462469961720918,6.270024209354368,6.277752908509818,0.0,0.024566193899273073,-0.03604061231835481,1.3867148339163895,-0.01765489012521142,-0.005475522807754103,0.0,445.7478329637702,443.7396778930914,445.4638648796458,445.1161044528854
0.6600000000000003,0.0066919946933571926,-0.007690756521623937,10.547760202473892,6.269287792081425,6.277416414314857,0.0,0.028213768897722296,-0.044906545754491226,1.4562054674018867,-0.003242333579015445,-0.005875004729849875,0.0,429.2800495030296,429.24624835713485,428.24788783854234,429.47205254406646
0.7200000000000003,0.008503309877354853,-0.010668599458402822,10.637808423251451,6.268940798453034,6.277213807413673,0.0,0.032190144483367954,-0.054379961200567456,1.545284727946708,-0.01142290276823219,0.0012025178664131094,0.0,434.49885109627786,435.0918113829302,436.6548426234047,435.9720211306983
0.7800000000000004,0.010551951035662218,-0.014213974638027307,10.732530740824412,6.268347168411351,6.277041250145899,0.0,0.03610063589040785,-0.06385991164905587,1.6120327210822218,-0.006998798056710846,-0.012627302403838442,0.0,428.9029516631079,427.7269182235697,428.75509829260454,429.13089059062224
0.8400000000000004,0.012862036939778571,-0.018387128222117993,10.834519888823433,6.268310504858949,6.275893242091303,0.0,0.04100271026331031,-0.07526467107867817,1.7873466954322337,0.00981056735248377,-0.03715959777488441,0.0,462.8167419074069,460.881984288123,462.9113918092845,464.232157696947
0.9000000000000005,0.01546568252028309,-0.023177805588827764,10.942730981006266,6.269277803097886,6.273707624556417,0.0,0.04598810724004352,-0.08435033258630323,1.8196378712144932,0.026439027819705672,-0.03500085595481093,0.0,418.1785257443042,418.36582044477336,417.2085428996602,418.65771749254236
0.9600000000000005,0.018447558312023698,-0.028546228090013646,11.056814906550263,6.270793085594153,6.271635637100921,0.0,0.053637348111251766,-0.09442086299954844,1.9828905186590704,0.022774479898002,-0.03361388861068681,0.0,460.6503895175588,460.75959131526776,458.90272326016435,458.6118538464909
1.0200000000000005,0.02192739973225698,-0.0344781818367701,11.180075734442804,6.272034859777328,6.269669651964339,0.0,0.0625699156249195,-0.10316646706506853,2.125548158356368,0.016177471761173432,-0.031123492960348095,0.0,453.8599532894803,454.05938907267273,454.36921563362006,453.84003281762955
1.0800000000000005,0.025995737890019868,-0.04091678048765666,11.312614972531312,6.273277504393262,6.26741670410191,0.0,0.07326184431753428,-0.11132508366624862,2.292105312726174,0.028509300158399184,-0.05524508175249516,0.0,462.70730909630686,460.80376284084696,461.4364812174633,462.4088800455491
1.1400000000000006,0.030779748233758036,-0.047824133519810005,11.456192663012388,6.274787912750321,6.2636651498539635,0.0,0.08660351711576421,-0.11872675227135131,2.4933953074831168,0.017491050633150453,-0.08394000501904042,0.0,474.23633442890764,472.0243047504788,473.0147614901704,472.16558675110286
1.2000000000000006,0.036397643258621444,-0.05511742403131571,11.608763754502725,6.275591822524177,6.258157883334473,0.0,0.1011830294014657,-0.12428536627343154,2.592077698628114,0.0036072624146130956,-0.1160700427366622,0.0,443.4237544508114,440.76869358317003,443.5176551897174,442.3758108315675
1.2600000000000007,0.042913781146098014,-0.06270264838325204,11.763542369371237,6.275934740073735,6.2508247619741155,0.0,0.1166165906462131,-0.12853234326714416,2.5672480561610183,0.00962929275448576,-0.13880966262591726,0.0,403.01152993705165,400.93518306198666,402.3363489352424,402.8811129732882
1.3200000000000007,0.0506160156966663,-0.07056368283303914,11.920724640770477,6.276104566690639,6.242812094791555,0.0,0.14095356616930413,-0.13345625509071316,2.671890713368112,-0.016425132744249508,-0.12468660029501248,0.0,443.3328704417013,444.47517325348656,446.8260661175865,444.6969766187237
1.3800000000000008,0.06012088929776753,-0.07875375366433135,12.088452858966424,6.275051551387463,6.235113504388332,0.0,0.17678730454415814,-0.13966740021684107,2.918408761928697,-0.019901049960661263,-0.13676325891641952,0.0,488.75977807637423,487.8453644561315,487.5003456014112,487.2406576206562
1.4400000000000008,0.07182752761802845,-0.087319316439883,12.268051439038755,6.273967133112521,6.226909260184886,0.0,0.21431090515388518,-0.1459719807397005,3.0677693079170005,-0.014648920315357934,-0.13668580080460882,0.0,460.09611436457016,460.0856464435746,460.81107429919814,461.2261384320038
1.5000000000000009,0.08587449500722039,-0.09627084632015119,12.454998117796528,6.272683787901457,6.218686858942668,0.0,0.25473790071774804,-0.1525134347513467,3.16346881070522,-0.04038852369635299,-0.13775722011916566,0.0,444.6732879390218,444.5681337779311,446.2973033509477,444.1913358042653
1.560000000000001,0.10248957036869143,-0.10564268983054943,12.647273250563297,6.270070804295383,6.210156277093237,0.0,0.29991393496001423,-0.16012717605489152,3.245403710770392,-0.05076781681459663,-0.15291816229995078,0.0,441.1304631131858,439.85745807346603,442.495034370257,441.6386476544837
1.620000000000001,0.1219514798343594,-0.11551908362896629,12.843940907292863,6.266870322666481,6.201341532894656,0.0,0.34966925314074804,-0.16938375053030794,3.3099160864534496,-0.0590592105014868,-0.1370201063517869,0.0,435.66718620816386,436.97359883088507,436.7991193455356,436.1051364980657
1.680000000000001,0.14474095701377576,-0.1260501983367922,13.046530785252774,6.263003656772089,6.192784754479508,0.0,0.4108375544917129,-0.1820374128669879,3.4425886454694368,-0.07829068916523468,-0.15716436118815977,0.0,459.3693143156341,457.7504449301594,458.8102902619704,457.27777436027947
1.740000000000001,0.17104128366618568,-0.13734879522117857,13.253284730577823,6.258448197653699,6.183306626777085,0.0,0.466668927486523,-0.19498728396832996,3.4490818159622982,-0.07157055110403168,-0.15962599337593758,0.0,419.0603639596424,418.820983781701,418.89280432887256,419.47186604004855
1.8000000000000012,0.20106973851874838,-0.1495562271912528,13.462455480728668,6.254235307765665,6.17353758596407,0.0,0.5352008749764149,-0.21233526072219275,3.5229150909310616,-0.06763393467528647,-0.17010574412299806,0.0,441.43432676227195,440.5430450233234,441.51254583949395,441.8334278814483
1.8600000000000012,0.23627220903928212,-0.16311662327735693,13.683763195464204,6.25002952260796,6.163447790538253,0.0,0.6394697050286757,-0.2402015350063731,3.8527393254549587,-0.07553944577183141,-0.16454147549367043,0.0,516.4781712431809,516.847721794795,517.9514336852933,517.3921315322154
1.9200000000000013,0.27702197895218206,-0.1781921361235587,13.916766870612847,6.245660636011149,6.153939161593655,0.0,0.719753540782055,-0.2627308250603961,3.913669911649569,-0.0678597752290019,-0.14850559884951756,0.0,441.3319471570362,442.6294409148177,439.0500898790578,439.6826356405061
1.9800000000000013,0.32334066136012113,-0.19486783629091445,14.157727600780575,6.241158503620223,6.144758322236582,0.0,0.8251565605166291,-0.293586059492448,4.117422852511721,-0.09595289491490543,-0.1640246159294912,0.0,485.6727595452957,484.4871599494106,485.9626803538835,483.84792365048054
2.0400000000000014,0.37586717698588246,-0.21340517965989475,14.408486676986607,6.2351478152722155,6.135061471095714,0.0,0.926679828043542,-0.3249147677048732,4.24052193671079,-0.11034767455992076,-0.15718886006602376,0.0,462.7663785119815,463.2804544446582,463.29151193216353,462.14987422951276
2.1000000000000014,0.43426315430112167,-0.23381330048126575,14.663771967406603,6.2281111684755395,6.125453814373611,0.0,1.0206902527308939,-0.35595884002203954,4.268647356747439,-0.13707066491313222,-0.16675995691456605,0.0,435.169785567502,434.3426918463765,435.1337486378134,432.8773761335601
2.1600000000000015,0.498517837603415,-0.2562318356171194,14.920954620707594,6.219373866391853,6.115458062957664,0.0,1.1220157753791575,-0.3920772324307673,4.303696025274708,-0.17415111153375087,-0.16627011187854138,0.0,437.1552650423875,437.1690530131667,439.22793090464853,436.11999370268023
2.2200000000000015,0.5686176215652928,-0.28082575219981004,15.177750005572648,6.2088624212919115,6.105364471784828,0.0,1.215456274465369,-0.4285562746866299,4.2560454487536505,-0.1773522802089883,-0.17245197243603583,0.0,411.09171098005345,410.5138124612506,410.6450126552752,410.328563129863
2.2800000000000016,0.6450848954405489,-0.3080280953329385,15.434927557724773,6.197826176622353,6.095223607602195,0.0,1.3343654731769499,-0.47918401930641813,4.315936914080265,-0.20224580665455233,-0.1629074300583244,0.0,447.00296738302217,447.752941847486,447.045626632254,444.9789514770864
2.3400000000000016,0.72806784781597,-0.3381147690206422,15.691430183847212,6.186032964229529,6.085330982546354,0.0,1.4324986040517953,-0.5246069613906176,4.234126666828039,-0.1870980269340656,-0.169133697529039,0.0,400.41534156603717,399.8191344931333,399.6808973500701,401.0166228889241
2.4000000000000017,0.8168048318628236,-0.37096233918606475,15.941587904583633,6.1750005330591105,6.075192831185751,0.0,1.5261521227265438,-0.5710918194368741,4.104612598058178,-0.17810830351568896,-0.16864264813580088,0.0,382.97981057419304,382.9941565468683,382.3146511251803,383.1315575585688
2.4600000000000017,0.9121946108331599,-0.40720964500436174,16.188117146225384,6.164010341124005,6.064713482865129,0.0,1.654359398666495,-0.638065982122941,4.112544994209784,-0.19591770172079867,-0.19072331798747336,0.0,432.0472977565029,430.1504005848173,431.96772787849295,430.4290684250022
2.520000000000002,1.0155585554472908,-0.447720807760771,16.435468936682913,6.151802239774732,6.052983789833217,0.0,1.7920745280724264,-0.7133193980126316,4.1318948584264446,-0.2261521782575217,-0.20731320138659068,0.0,436.1305849938191,434.7040033723429,438.0968950500776,435.5327244705755
2.580000000000002,1.128640404439153,-0.4936694552802959,16.689097688030394,6.138033890719157,6.040657026316939,0.0,1.9785016957936212,-0.8196984666648641,4.3208762023779546,-0.23709713079085312,-0.20195703594005157,0.0,490.8918907688814,491.25213279190154,490.65779319551365,489.7973347039077
2.640000000000002,1.2531396543350684,-0.5462849330908395,16.953747071561477,6.123653813923891,6.028920754844288,0.0,2.172556722355602,-0.9355747853191823,4.499186089028769,-0.2453684519439364,-0.18524527375955568,0.0,489.2361355615272,490.44523804184547,491.6828659923969,491.01816401477464
2.700000000000002,1.3873574552310344,-0.6048272243326553,17.220738650254876,6.109144746717583,6.018117164958737,0.0,2.3021789122073355,-1.0168881265680805,4.40030235620159,-0.23553573600757124,-0.1713192232506689,0.0,402.6093229222707,403.8324115551189,402.5440672635795,403.36788285237765
2.760000000000002,1.5321178868164635,-0.670133054846816,17.491131271906116,6.094969598984232,6.007857973767635,0.0,2.5240137833126686,-1.1613681303796348,4.610908134856142,-0.23772285197978368,-0.17033020363223217,0.0,504.34128637000885,504.3884826277818,504.31467208768913,504.1082368769179
2.820000000000002,1.68887949345082,-0.7434026437172934,17.768683180293756,6.08138177178839,5.997994569757541,0.0,2.70211562726018,-1.2820792504266798,4.639827165580623,-0.21026436040610597,-0.15458910933877287,0.0,452.3504081938068,453.59099433504235,449.6587376855054,451.82696042925977
2.880000000000002,1.856714729713532,-0.8243001109156707,18.048583856902216,6.069068991268971,5.989004244650268,0.0,2.893026502393704,-1.4155053686413959,4.689076520613564,-0.19666684982224114,-0.14172727334662152,0.0,459.40181377425483,460.4002767173636,460.93969606271963,461.97334610577167
2.940000000000002,2.0359269806146005,-0.9132591830334551,18.33057479332667,6.05721069751349,5.980331802046706,0.0,3.081277663780659,-1.5507081649006367,4.709627181646789,-0.19965192260687173,-0.15085452388786208,0.0,453.6308179116667,452.87801599980594,454.33018655764033,454.05345420191765
3.000000000000002,2.2268243591369674,-1.0107113549697153,18.61444389522692,6.045414973321169,5.971239364271961,0.0,3.2825462598540676,-1.6986012025693855,4.751472911380612,-0.19110112857617154,-0.15294759659173598,0.0,462.59512308699556,462.40959644966773,463.1834887232365,463.81950272851867
3.0600000000000023,2.4306150591012154,-1.1177275888530598,18.90267961090607,6.034770477006351,5.96218667911954,0.0,3.5110078413710784,-1.8694177291336553,4.85475626657976,-0.15876737393837626,-0.1470352776657288,0.0,485.53173575868004,485.955852775476,483.66161561162886,486.0626609889489
3.1200000000000023,2.6461749877069147,-1.233631625439572,19.190873651713616,6.025527308011554,5.95427120423075,0.0,3.6748424429043047,-1.9946968808923176,4.751330671619304,-0.1459942771164621,-0.1119736408822479,0.0,417.5828400181661,420.61276747338087,418.58030709439566,419.6665486671419
3.1800000000000024,2.872755295016297,-1.3580011270812895,19.47588207949604,6.016676017602325,5.947682190446159,0.0,3.878127029246802,-2.1515493487593034,4.747994216918506,-0.1507614687112912,-0.10582235830205981,0.0,454.6557804330374,455.13808510754666,455.54117856443133,455.13987980292836
3.2400000000000024,3.110971902013788,-1.4914370951166072,19.75879821492638,6.007495910260204,5.94114101120471,0.0,4.062733804516338,-2.2969424529644824,4.681919251045913,-0.1579011584448921,-0.11632775727684515,0.0,436.4049005114737,435.5161172927187,435.6045032592007,434.9842292988251
3.3000000000000025,3.3621484989244146,-1.6351185072153662,20.042515142465067,5.998289549727486,5.93452226739706,0.0,4.309971619120106,-2.4930208622787364,4.7736316165511115,-0.1457553518696889,-0.1004041395187597,0.0,489.15611791453017,490.33104485588285,489.7707632307991,490.6535296496239
3.3600000000000025,3.624606539830037,-1.787907683103978,20.321998636542673,5.989945191323676,5.928923095221828,0.0,4.439040877726263,-2.6006053831390634,4.5428416383811765,-0.12826891887739256,-0.08198639700964924,0.0,377.72379198068063,379.4871009513665,376.8101302285818,378.4753468553616
3.4200000000000026,3.8982249837073835,-1.949895751265736,20.59632013646784,5.981935094057018,5.9237203024822485,0.0,4.681526074908647,-2.799445925134822,4.599774160724758,-0.14682184205972817,-0.09840611734441218,0.0,482.9891517489654,481.74324195531716,482.38376608781067,480.9652525460736
3.4800000000000026,4.185827317256324,-2.1234666517711394,20.872341194713204,5.973259678213088,5.9174199767325035,0.0,4.9053077930166165,-2.9867805287121687,4.599707104630661,-0.14046853743381954,-0.123392445791586,0.0,467.34638686750606,465.38487281244653,466.2447018753791,466.7224459165258
3.5400000000000027,4.48681398618936,-2.3083254938022844,21.147936045310153,5.964964055085771,5.910214006762573,0.0,5.127768533581493,-3.1756532490550056,4.585546323565015,-0.13417855322922426,-0.11422060396422518,0.0,464.14443723075266,464.8515027828383,464.28516296099275,464.7616799244906
3.6000000000000028,4.800748190446647,-2.504263765301582,21.421385302908046,5.956935374987673,5.903405324690443,0.0,5.3368761646009855,-3.3561008542497945,4.528448040373322,-0.13308761590777077,-0.11203407461724302,0.0,452.24573202890906,452.41064658823865,452.6013413265135,452.6730186920776
3.660000000000003,5.126709956497973,-2.710682303496273,21.689906833798453,5.948555204912482,5.896705637108141,0.0,5.528722303561542,-3.5250438686223555,4.421578837158872,-0.1579756800992246,-0.11092710840598695,0.0,436.7054406333775,436.7864988046045,438.21432563200455,436.12094492904237
3.720000000000003,5.4633163595144785,-2.926618884954908,21.949777955924834,5.938743924973798,5.889612323397836,0.0,5.691790689987472,-3.6735213180054602,4.2405166103150265,-0.17790368142897095,-0.13968376932480825,0.0,411.3581065965213,408.7883530952374,412.0748941043686,410.2806065092509
3.780000000000003,5.81140969425901,-3.152935177374526,22.20240839875468,5.928754609994517,5.881023332909555,0.0,5.911530980786666,-3.8709289466597707,4.179199055026002,-0.1501181409138279,-0.15117290929565175,0.0,456.2504577054049,455.31331953989695,455.71305296693083,457.90286699631844
3.840000000000003,6.1733420665148255,-3.3917000649130866,22.45243441529717,5.9197490436574824,5.872022632050619,0.0,6.15304823258047,-4.088308408391205,4.1533734225115015,-0.15004214656137455,-0.147787533108367,0.0,471.46687712502774,471.7086948415514,472.162501451096,472.1486347595447
3.900000000000003,6.549687920072388,-3.6435013615443275,22.70035208605727,5.910167660634549,5.863318931786662,0.0,6.391934877086984,-4.3054831300204395,4.108973903542143,-0.19854212628266574,-0.14010759585775528,0.0,469.9054905232388,470.4821738899607,470.13784038335353,466.33869524107257
3.960000000000003,6.938405465742129,-3.9068130047320224,22.941168418560366,5.898484564785861,5.854551998652806,0.0,6.565623653782262,-4.4723137883783455,3.917618091129332,-0.18800703822408538,-0.16216949565856284,0.0,419.74639204611856,417.80482465706706,417.5559271136292,418.43455434180026
4.020000000000002,7.338472879150556,-4.18098854672768,23.172110358343364,5.886774054750468,5.8446088516521115,0.0,6.770219730275631,-4.667488674319419,3.779268028934529,-0.2160193619856813,-0.17396733976267287,0.0,441.1179768061261,440.1156856736539,442.15682218077933,439.8036864187757
4.080000000000001,7.750657721818781,-4.466829124155109,23.394088237058273,5.874344463335635,5.834380010251497,0.0,6.96955960469535,-4.861206649602861,3.6188170781437052,-0.1936406469346355,-0.16429607023841142,0.0,434.8611714336275,435.64219551204036,434.8478671565297,436.6754016468949
4.14,8.176029897255868,-4.765394339017677,23.608427699812584,5.8625594627074875,5.824238792199285,0.0,7.209597778365519,-5.091472563955773,3.5240603927463328,-0.2026325846818418,-0.180694028553982,0.0,464.38832500853744,463.0735237088056,463.55879931591045,462.8153485104451
4.199999999999998,8.613579827970563,-5.076022303229297,23.812594322115544,5.85018686085396,5.813233272988047,0.0,7.3757948759559255,-5.263518821806498,3.280791546236058,-0.21453070780769073,-0.1895292819653487,0.0,409.5028362338911,408.6799479225846,410.586539623462,409.48323645179426
4.259999999999997,9.06258499442103,-5.398280204516391,24.004508046850496,5.837479973422084,5.801903346425011,0.0,7.591251062921244,-5.478988785538203,3.1147990254670708,-0.20679138224212706,-0.18747510940107695,0.0,442.75356683155917,442.88778625072575,443.5425522586033,444.133595124444
4.319999999999996,9.523302584119369,-5.732546037425482,24.183998418058394,5.825573877052106,5.790771880427503,0.0,7.766329829185438,-5.663889576076667,2.86731720887348,-0.18551755147044632,-0.18188896401552543,0.0,413.42993567631135,413.8858068599678,413.38630081998696,415.21522730495485
4.379999999999995,9.99500069466656,-6.078381282200066,24.349144925650798,5.814281250159224,5.779924536174184,0.0,7.957166987719868,-5.864555776767166,2.63646739062688,-0.19421779432013955,-0.17867844231297153,0.0,423.6064864909274,423.8492294294531,423.9843675107682,423.19948077721745
4.439999999999993,10.478353985399316,-6.436513938673459,24.500476067016923,5.802243238785984,5.769578367596516,0.0,8.154750110747132,-6.07380935111842,2.4066689151244103,-0.21825067454204206,-0.16222380657161795,0.0,426.56882057653564,427.94205926276135,428.48808501159516,426.39729514374187
4.499999999999992,10.973503488962558,-6.80726473966499,24.63763978772226,5.789539190910496,5.7599777587683185,0.0,8.350292490157662,-6.285226880848511,2.1642033070168503,-0.20115668446857773,-0.15591964433828778,0.0,425.39630242616664,425.91041075682676,424.79036366167844,426.2075560864738
4.559999999999991,11.480953478108361,-7.19129525249381,24.760852519443333,5.7775889104957034,5.7502089657760855,0.0,8.564640153772839,-6.516365722150199,1.9413771185197168,-0.19547596281391985,-0.18243475423033864,0.0,438.9370127545124,436.7037127092266,437.23343922824273,437.66709486303967
4.6199999999999894,12.002931353071256,-7.590680755637615,24.872852045168568,5.765605823337292,5.7392365950601825,0.0,8.834337310536215,-6.796751400740095,1.789523190884741,-0.20992622804244748,-0.18376235654662113,0.0,471.79185087565884,471.65903815608294,471.6246585177478,470.4699902948481
4.679999999999988,12.539788713300146,-8.005930296079297,24.973473154929454,5.753227504395943,5.72859934944249,0.0,9.060767533273152,-7.04536896253454,1.5626160474697914,-0.1999110493993129,-0.16676275280370303,0.0,446.6564345209834,448.0108684671541,446.49308385156576,447.26807240892947
4.739999999999987,13.092187856418638,-8.437816784386973,25.06285733984962,5.740872657566456,5.718381223922744,0.0,9.351953252283845,-7.351011341256568,1.4140745735477385,-0.2219376214866545,-0.1785219212239457,0.0,484.7189657119115,483.8087917128905,486.31480313184414,484.62317528235667
4.799999999999986,13.65957595731944,-8.886151100586346,25.139578715434716,5.727185542718839,5.7074536709684605,0.0,9.560825667351885,-7.594005516325775,1.1414495063294272,-0.24481034704276017,-0.19052140624880884,0.0,440.08411337852186,439.0566384877058,442.3037526479356,440.3622265122054
4.859999999999984,14.239839939498346,-9.349479786491951,25.200044514162617,5.713132123339156,5.6959129791193845,0.0,9.781057455181216,-7.850739593650661,0.8718931176351985,-0.218746384239803,-0.19625999280033185,0.0,447.7356351631756,447.23247866012076,446.9139960173665,448.979242911596
4.919999999999983,14.833250479200913,-9.828288567410095,25.243876129649912,5.700196753317773,5.6847362949011,0.0,9.999023582561772,-8.109988249973965,0.5870200985701222,-0.2099337002377542,-0.17146407888383153,0.0,446.2756427661659,448.261833627751,447.21265588475757,447.8845965836162
4.979999999999982,15.438838299218501,-10.322067987458619,25.269166299532174,5.6873296502266335,5.674836155203032,0.0,10.187045834944668,-8.349974986759264,0.2542710704076261,-0.22548385673126992,-0.15449431996981022,0.0,429.87781578385085,431.2868719596174,433.3454622467545,431.98856240645927
5.0399999999999805,16.05760285137454,-10.831945453854015,25.276433636218965,5.674317591834589,5.6652165285923175,0.0,10.437741634320943,-8.646271438227224,-0.01464540710369966,-0.20363887314523854,-0.17573245702642987,0.0,467.1977409403221,465.5146024625663,466.5384867779856,468.1972655614658
